9001 5553903.21 7429525.85
9002 5553893.14 7429543.29
9003 5553889.87 7429548.09
9004 5553879.47 7429560.94
9005 5553876.45 7429565.87
9006 5553874.40 7429570.46
9007 5553873.21 7429574.69
9008 5553872.59 7429579.56
9009 5553871.65 7429564.35
9010 5553870.26 7429566.51
9011 5553867.63 7429576.77
9012 5553867.67 7429581.77
9013 5553867.69 7429584.95
9014 5553871.92 7429598.85
9015 5553877.79 7429613.27
9016 5553882.56 7429624.50
9017 5553886.26 7429633.45
9018 5553892.67 7429645.42
9019 5553895.21 7429649.69
9020 5553914.81 7429692.84
9021 5553916.24 7429701.56
9022 5553917.07 7429711.66
9023 5553916.96 7429721.28
9024 5553914.14 7429738.26
9025 5553911.81 7429746.57
9026 5553921.90 7429719.59
9027 5553920.94 7429730.65
9028 5553917.87 7429744.61
9029 5553913.59 7429758.04
9030 5553919.22 7429739.60
9031 5553907.37 7429784.34
9032 5553899.48 7429656.87
9033 5553906.33 7429668.74
9034 5553902.25 7429785.79
9035 5553903.38 7429791.79
9036 5553905.67 7429800.94
9037 5553916.41 7429844.50
9038 5553923.34 7429871.36
9039 5553908.20 7429812.74
9040 5553920.68 7429841.56
